two
0 1 3 20 28 158 159 166 169 174 230 348 349 370 420 444 557 582 598 616 652 711 756 883 1028 1030 1072 1098 1110 1213 1304 1316 1319 1346 1359 1384 1441 1457 1459 1463 1466 1476 1551 1569 1576 1594 1611 1615 1623 1633 1636 1656 1661 1698 1753 1867 1873 1878 1879 1884 1912 1959 1998 2001 2031 2034 2039 2053 2059 2067 2077 2130 2142 2153 2158 2185 2214 2227 2234 2291 2358 2445 2451 2478 2491
sum
0 38 39 63 111 112 123 128 166 169 208 215 302 303 306 307 324 326 338 362 363 370 376 403 409 415 436 493 507 522 547 559 598 630 632 652 665 676 688 697 711 812 828 833 861 890 906 917 929 930 937 984 1004 1012 1021 1030 1037 1042 1073 1084 1098 1154 1160 1170 1185 1190 1213 1261 1280 1288 1291 1299 1301 1303 1313 1314 1316 1372 1412 1413 1424 1438 1476 1479 1497 1507 1523 1545 1571 1587 1588 1589 1684 1713 1745 1747 1748 1754 1774 1779 1780 1784 1799 1817 1834 1836 1861 1862 1864 1873 1876 1878 1910 1917 1924 1926 1944 1946 1972 1974 1982 2011 2034 2035 2080 2097 2098 2103 2129 2159 2171 2176 2179 2194 2207 2218 2220 2222 2235 2242 2280 2309 2332 2341 2341 2381 2388 2394 2415 2427 2434 2442 2460 2496
add
1 66 210 240 257 281 414 444 615 622 920 988 1448 1633 1784 1935 2234
numbers
1 128 164 179 192 200 314 356 385 420 444 447 570 627 632 727 828 901 966 971 984 1011 1021 1072 1214 1294 1295 1350 1351 1364 1379 1413 1522 1557 1576 1679 1688 1851 1921 1965 1976 2041 2080 2093 2132 2142 2149 2190 2196 2309 2454
longest
2 4 13 31 127 158 297 299 328 339 387 394 408 423 515 520 521 523 548 561 593 672 673 686 719 844 872 977 1026 1043 1047 1061 1123 1142 1146 1155 1217 1370 1371 1391 1404 1437 1492 1541 1681 1762 1838 1857 1922 1939 1963 2013 2130 2172 2212 2245 2310 2359 2369 2388 2400 2406 2413 2418 2423 2431
substring
2 4 29 75 158 339 394 458 1043 1061 1155 1162 1176 1233 1296 1370 1455 1541 1584 1623 1667 1762 1838 1909 1945 2155 2212 2271 2300 2413
without
2 599 983 2273
repeating
2 394 423 1061 1575 1654 1667 2212
characters
2 156 157 158 339 394 450 716 827 1001 1031 1080 1099 1159 1238 1357 1373 1445 1575 1623 1736 1843 1875 1896 1897 1940 1956 1995 2245 2286 2485
median
3 294 479 568 570 2386 2487
of
3 16 18 27 29 33 57 103 110 159 190 199 200 230 232 234 235 237 288 304 314 317 322 325 326 330 341 344 348 349 362 365 370 403 420 433 446 451 542 544 546 557 558 561 570 571 575 578 585 598 600 627 632 633 635 636 645 661 672 688 693 694 696 701 710 717 725 746 749 761 791 792 794 805 812 819 824 827 827 829 833 845 855 868 870 872 875 882 890 891 892 897 906 913 913 919 932 937 947 953 957 976 984 986 988 989 994 995 1004 1008 1009 1019 1021 1030 1031 1038 1062 1064 1070 1071 1073 1080 1084 1110 1117 1122 1127 1130 1153 1154 1160 1169 1177 1182 1184 1188 1189 1206 1212 1217 1238 1240 1247 1253 1268 1273 1275 1275 1280 1280 1283 1284 1291 1294 1295 1296 1296 1299 1300 1309 1314 1316 1318 1325 1330 1333 1334 1335 1338 1341 1342 1342 1343 1346 1351 1352 1355 1357 1359 1362 1363 1363 1374 1378 1378 1382 1394 1403 1410 1413 1414 1414 1417 1418 1430 1433 1438 1441 1443 1443 1449 1451 1451 1452 1452 1454 1455 1455 1457 1460 1463 1464 1464 1466 1466 1473 1478 1479 1480 1481 1482 1491 1492 1497 1498 1502 1505 1507 1511 1512 1515 1518 1519 1520 1521 1523 1524 1525 1529 1532 1534 1545 1552 1556 1557 1560 1561 1565 1566 1567 1568 1569 1572 1576 1576 1576 1578 1587 1588 1592 1594 1598 1600 1605 1609 1613 1618 1620 1620 1631 1632 1638 1643 1649 1660 1665 1670 1675 1678 1679 1683 1684 1687 1688 1696 1697 1698 1699 1704 1713 1718 1723 1724 1730 1732 1736 1741 1747 1748 1749 1750 1753 1758 1759 1760 1763 1764 1765 1768 1774 1779 1779 1780 1780 1781 1783 1785 1786 1787 1790 1792 1793 1797 1800 1804 1805 1806 1807 1811 1814 1818 1819 1821 1821 1822 1827 1829 1834 1836 1837 1838 1854 1861 1862 1863 1865 1867 1868 1873 1874 1875 1878 1879 1887 1895 1897 1901 1903 1907 1909 1914 1920 1928 1934 1935 1936 1940 1941 1943 1944 1944 1949 1950 1952 1954 1959 1959 1960 1962 1966 1967 1968 1972 1975 1976 1978 1982 1983 1985 1986 1988 1989 1991 1993 1995 1997 1998 1999 2000 2000 2001 2001 2003 2005 2008 2009 2010 2011 2014 2018 2019 2022 2022 2023 2024 2029 2031 2036 2039 2043 2046 2050 2055 2057 2060 2061 2062 2063 2064 2066 2070 2080 2081 2085 2086 2094 2096 2097 2098 2103 2106 2109 2109 2113 2116 2119 2124 2129 2135 2137 2140 2141 2143 2146 2151 2152 2154 2156 2157 2159 2162 2164 2170 2171 2177 2183 2185 2188 2188 2191 2192 2197 2198 2204 2206 2212 2214 2217 2218 2220 2221 2222 2222 2223 2233 2235 2237 2239 2241 2242 2246 2247 2249 2250 2251 2252 2254 2261 2264 2265 2267 2268 2269 2277 2278 2280 2280 2281 2284 2299 2304 2309 2311 2313 2315 2317 2319 2320 2326 2326 2327 2332 2334 2337 2338 2340 2341 2341 2344 2347 2349 2353 2354 2355 2357 2363 2366 2371 2382 2384 2385 2386 2390 2397 2399 2404 2405 2409 2413 2414 2415 2415 2420 2424 2425 2426 2427 2430 2432 2436 2437 2438 2441 2442 2444 2446 2448 2449 2451 2454 2457 2460 2464 2469 2470 2471 2474 2477 2478 2488 2490 2491 2492 2494 2495 2496
sorted
3 20 22 25 32 33 79 80 81 82 87 107 108 152 153 166 377 425 539 701 707 767 768 943 954 959 976 1059 1149 1212 1286 1350 1438 1507 1573 1640 1648 1684 1751 1829 1939 2039 2045 2386
arrays
3 348 349 623 995 1212 1384 1441 1459 1661 1774 1867 1873 1878 1884 1939 2034 2039 2142 2214 2247 2337 2448 2498
palindromic
4 515 646 729 1331 1681 1929 1959 2001 2107 2383 2395 2483
zigzag
5 102 280 1103 1143 1371
conversion
5
reverse
6 24 91 149 150 185 189 205 343 344 492 540 556 916 1189 1264 1329 1999 2073 2414 2441 2442
integer
6 7 11 12 272 342 396 988 1008 1014 1236 1280 1289 1308 1316 1393 1431 1448 1504 1532 1984 2416 2440 2456 2484
string
7 27 86 96 150 185 343 344 357 386 393 433 437 442 466 470 480 535 540 556 566 603 605 615 677 685 757 760 766 776 790 795 805 827 832 838 843 879 925 941 983 987 1015 1046 1047 1054 1060 1064 1118 1152 1152 1201 1208 1220 1233 1238 1308 1311 1369 1373 1374 1404 1407 1414 1416 1421 1426 1429 1432 1432 1460 1524 1527 1530 1539 1540 1543 1544 1572 1584 1592 1624 1638 1652 1661 1662 1697 1701 1703 1749 1757 1783 1789 1795 1804 1806 1829 1848 1863 1887 1902 1932 1944 1956 1960 1962 1979 2026 2052 2059 2061 2107 2108 2115 2137 2181 2206 2242 2254 2261 2263 2266 2277 2286 2336 2374 2379 2389 2404 2429 2433 2450 2485 2495
to
7 11 12 107 108 113 120 121 122 128 165 187 240 272 308 404 425 430 451 452 461 472 537 622 656 690 697 708 713 750 767 768 773 781 796 800 805 806 820 848 856 863 880 920 925 943 944 954 959 963 970 972 981 988 999 1010 1015 1016 1021 1037 1054 1057 1058 1073 1079 1102 1143 1150 1166 1181 1198 1203 1209 1216 1216 1246 1248 1262 1262 1268 1269 1281 1283 1283 1289 1291 1299 1303 1308 1311 1316 1317 1317 1318 1319 1325 1325 1329 1337 1341 1341 1342 1346 1367 1375 1403 1403 1410 1412 1429 1433 1433 1437 1442 1448 1465 1465 1481 1520 1524 1525 1535 1540 1546 1550 1552 1556 1557 1567 1568 1568 1572 1573 1573 1575 1576 1577 1578 1583 1594 1610 1615 1617 1638 1646 1652 1653 1657 1657 1663 1664 1670 1673 1686 1691 1699 1711 1712 1718 1722 1729 1730 1732 1734 1736 1757 1768 1768 1784 1784 1785 1786 1805 1826 1829 1847 1849 1850 1863 1865 1869 1882 1886 1887 1895 1896 1898 1908 1915 1927 1931 1953 1955 1956 1961 1962 1967 1972 1973 1975 1976 1985 2003 2008 2009 2022 2024 2026 2032 2034 2036 2044 2051 2058 2063 2072 2076 2085 2092 2095 2099 2108 2110 2122 2126 2126 2133 2136 2138 2146 2151 2160 2161 2166 2168 2169 2176 2183 2185 2186 2187 2188 2192 2203 2207 2213 2215 2219 2221 2223 2225 2231 2238 2239 2243 2258 2259 2264 2269 2276 2279 2286 2287 2288 2289 2310 2312 2319 2322 2331 2334 2336 2339 2343 2350 2358 2365 2377 2378 2379 2382 2384 2387 2390 2399 2402 2421 2422 2433 2446 2447 2448 2456 2458 2459 2461 2465 2469 2470 2472 2476 2476 2480 2485 2485 2498
(atoi)
7
palindrome
8 124 130 131 213 233 265 266 335 408 478 563 679 865 1146 1176 1215 1245 1277 1311 1327 1399 1615 1744 1770 1841 2130 2192 2216 2329 2421 2471
number
8 16 64 135 136 170 178 190 199 201 232 245 246 247 259 262 263 267 286 304 305 312 320 322 373 374 404 413 433 446 451 475 506 508 536 546 579 585 610 618 667 672 692 693 710 725 746 749 753 761 791 794 805 870 877 919 932 963 994 995 1019 1055 1062 1071 1073 1084 1087 1117 1127 1132 1133 1136 1149 1154 1177 1182 1188 1200 1206 1227 1240 1247 1253 1255 1268 1273 1275 1283 1284 1289 1294 1296 1300 1318 1322 1325 1333 1335 1341 1341 1342 1346 1352 1355 1357 1359 1363 1364 1374 1394 1403 1403 1410 1413 1418 1428 1430 1433 1443 1449 1452 1455 1466 1480 1481 1497 1511 1512 1518 1519 1523 1524 1525 1529 1538 1545 1552 1556 1560 1567 1568 1572 1576 1576 1578 1592 1600 1605 1609 1620 1638 1670 1678 1683 1688 1693 1697 1698 1699 1704 1718 1724 1730 1732 1741 1750 1758 1768 1774 1779 1785 1797 1800 1804 1805 1807 1814 1818 1819 1827 1829 1849 1863 1865 1887 1897 1902 1903 1914 1920 1934 1935 1936 1940 1941 1943 1945 1950 1952 1954 1962 1966 1975 1976 1985 1986 1988 1989 1993 1995 2000 2003 2005 2008 2009 2019 2022 2024 2036 2043 2046 2047 2055 2057 2058 2060 2066 2070 2081 2085 2106 2109 2113 2118 2124 2141 2146 2151 2152 2159 2164 2170 2176 2183 2185 2188 2189 2192 2197 2204 2206 2219 2221 2223 2230 2237 2238 2239 2249 2250 2258 2263 2265 2267 2268 2269 2281 2282 2317 2319 2326 2327 2335 2337 2340 2342 2344 2347 2348 2353 2354 2355 2357 2363 2366 2374 2383 2395 2397 2399 2405 2420 2425 2426 2436 2441 2442 2444 2446 2448 2449 2464 2469 2470 2471 2474 2477 2488 2492 2494
regular
9
expression
9 281 438 735 1105 1130 1439 1596 1596 1611 1627 1895 2018 2231
matching
9 43 791 1022 1407 1772 2409
container
10 2348
with
10 29 137 158 308 339 356 372 394 470 527 547 569 595 692 709 713 794 797 804 822 861 864 922 929 946 966 981 991 1009 1011 1012 1015 1041 1052 1099 1101 1128 1134 1154 1179 1185 1201 1209 1218 1238 1239 1251 1275 1276 1291 1292 1294 1298 1300 1314 1324 1333 1349 1353 1373 1377 1380 1387 1408 1427 1430 1437 1438 1440 1448 1474 1476 1484 1503 1512 1513 1516 1518 1523 1526 1545 1566 1584 1606 1607 1616 1619 1625 1626 1627 1630 1662 1706 1725 1726 1734 1761 1774 1793 1802 1820 1843 1857 1864 1865 1866 1875 1883 1930 1936 1950 1958 1964 1967 1982 2004 2005 2022 2029 2030 2048 2056 2077 2082 2083 2084 2091 2092 2097 2098 2111 2127 2139 2143 2147 2154 2155 2167 2173 2179 2181 2184 2194 2202 2208 2216 2224 2227 2236 2245 2246 2271 2274 2278 2283 2291 2301 2309 2333 2341 2367 2373 2388 2391 2393 2394 2409 2410 2418 2435 2439 2440 2443 2444 2446 2460 2469 2473 2487 2488
most
10 158 339 507 601 818 825 901 946 1368 1504 1531 1547 1548 1559 1595 1605 1672 1755 1783 1837 2069 2105 2111 2189 2403 2455 2466
water
10 41 364 406 416 754 777 1167 1325 1517 2136 2136
roman
11 12
common
13 234 235 818 951 1001 1070 1091 1122 1142 1197 1256 1643 1649 1675 1922 1939 1950 1978 2084 2426
prefix
13 744 1017 1391 1454 1960 1999 2184 2415 2423 2432
3sum
14 15 258 922
closest
15 269 271 563 657 680 741 848 972 1299 1361 1520 1754 1773 1846 2238 2276 2358 2416 2475
letter
16 743 783 1078 1179 2029 2082 2130 2134 2277 2308 2350 2422
combinations
16 76 253 2055
a
16 27 73 148 150 185 229 234 235 236 239 328 330 344 377 386 404 418 429 433 437 449 477 539 556 611 612 652 668 670 699 700 701 702 707 741 753 820 826 827 851 913 913 957 976 986 1027 1033 1035 1064 1092 1105 1117 1118 1149 1149 1160 1163 1167 1191 1220 1231 1236 1238 1239 1243 1249 1251 1252 1260 1262 1273 1274 1282 1289 1291 1292 1296 1309 1311 1317 1319 1324 1325 1326 1327 1333 1334 1336 1341 1343 1350 1363 1367 1371 1373 1378 1378 1378 1379 1380 1381 1382 1390 1390 1397 1403 1408 1417 1421 1427 1429 1429 1429 1432 1434 1438 1442 1443 1449 1450 1451 1452 1454 1454 1454 1455 1456 1460 1464 1466 1473 1474 1474 1482 1499 1502 1514 1520 1520 1524 1525 1526 1535 1537 1540 1546 1547 1559 1572 1581 1592 1593 1598 1603 1617 1617 1622 1631 1632 1638 1638 1643 1649 1659 1662 1663 1665 1666 1675 1684 1697 1709 1712 1718 1720 1739 1741 1759 1760 1760 1772 1777 1779 1784 1792 1795 1801 1801 1802 1804 1805 1806 1809 1811 1827 1848 1854 1856 1864 1877 1892 1900 1909 1913 1930 1943 1960 2029 2032 2041 2046 2061 2064 2086 2086 2087 2094 2095 2108 2109 2115 2116 2118 2118 2119 2124 2126 2129 2134 2137 2145 2146 2154 2176 2184 2191 2191 2193 2203 2206 2210 2237 2237 2241 2242 2244 2248 2251 2252 2254 2261 2266 2268 2270 2279 2281 2295 2303 2305 2321 2326 2327 2331 2336 2339 2341 2345 2348 2352 2357 2359 2368 2370 2372 2377 2379 2382 2386 2387 2389 2391 2399 2421 2429 2433 2463 2466 2470 2475 2479 2480 2482 2491 2495 2496
phone
16 192 378 1693
4sum
17 453
remove
18 25 26 79 81 82 202 300 315 401 545 659 721 1020 1046 1118 1170 1208 1232 1248 1271 1287 1331 1578 1835 1908 1909 1961 2037 2122 2127 2166 2173 2258 2422 2486
nth
18 176 399 877 1544
node
18 115 116 236 381 449 607 670 1018 1025 1378 1482 1601 1785 2094 2095 2191 2241 2276 2358 2373
from
18 25 79 81 82 104 105 294 316 345 422 535 605 631 796 883 888 987 1007 1027 1058 1089 1092 1118 1129 1161 1170 1176 1232 1297 1308 1422 1429 1431 1501 1596 1686 1706 1716 1742 1752 1769 1770 1785 1835 1888 1919 1925 2006 2007 2040 2090 2095 2114 2142 2195 2217 2258 2290 2374 2389 2486
end
18 1284 2082
list
18 60 81 82 85 91 108 113 137 140 141 142 146 147 202 205 233 236 327 338 340 363 368 381 425 429 706 707 724 816 875 985 1018 1170 1264 1289 1312 1326 1366 1451 1451 1473 1720 1835 2045 2094 2129 2486
valid
19 31 35 64 124 192 241 260 366 407 421 592 610 677 679 793 902 920 940 1002 1036 1062 1110 1177 1215 1248 1358 1367 1390 1429 1516 1604 1622 1717 1963 2046 2055 2096 2115 2266 2329 2339 2368 2436 2463
parentheses
19 21 31 240 300 855 920 1020 1110 1189 1248 1540 1613 2115 2231 2266
merge
20 22 55 87 616 720 999 1668 1753 1767 1898 1931 2180 2362 2421 2493
lists
20 22 159 598 631 1633 1668
generate
21 477 1373 2361
k
22 324 339 346 357 362 372 394 401 559 628 631 657 682 691 697 712 786 856 861 862 972 973 991 994 1004 1014 1098 1295 1336 1342 1351 1399 1413 1419 1436 1460 1470 1480 1496 1504 1539 1565 1620 1702 1707 1836 1865 1955 1958 1983 2005 2013 2089 2097 2098 2105 2106 2137 2145 2182 2194 2201 2217 2225 2232 2246 2260 2293 2301 2309 2310 2378 2399 2434 2446 2460 2461 2469 2487
swap
23 626 669 776 887 1052 1155 1721 1789
nodes
23 24 221 782 846 862 864 881 1079 1109 1170 1272 1314 1360 1447 1468 1473 1473 1518 1529 1556 1720 1781 1972 2048 2057 2073 2180 2264 2315 2358 2367 2444 2475 2486 2492
in
23 24 27 32 33 80 83 115 116 150 152 153 185 214 229 236 254 284 322 328 377 386 418 420 433 437 439 441 447 449 466 477 496 500 509 514 523 529 531 539 556 561 566 579 584 608 611 612 615 623 636 667 670 687 699 701 702 719 724 741 757 761 776 777 778 780 832 833 839 844 851 862 881 913 936 949 960 978 992 1018 1029 1040 1046 1059 1066 1079 1084 1090 1094 1103 1113 1117 1149 1156 1162 1167 1191 1197 1203 1208 1211 1220 1227 1234 1237 1251 1260 1264 1268 1273 1286 1289 1292 1293 1295 1304 1326 1336 1350 1366 1367 1370 1371 1372 1378 1379 1388 1390 1393 1402 1403 1407 1411 1417 1429 1442 1447 1450 1454 1455 1456 1463 1470 1474 1485 1487 1488 1500 1508 1518 1522 1537 1539 1544 1547 1558 1559 1581 1593 1601 1603 1617 1645 1666 1668 1674 1684 1687 1697 1713 1715 1720 1739 1741 1759 1760 1777 1795 1800 1801 1802 1804 1809 1813 1836 1838 1851 1856 1876 1877 1884 1889 1892 1902 1915 1925 1927 1943 1947 1949 1965 1966 1970 1984 1988 1990 1995 1996 2002 2011 2014 2017 2041 2046 2050 2052 2073 2076 2086 2087 2107 2112 2113 2119 2122 2124 2141 2142 2149 2152 2162 2174 2175 2178 2180 2189 2191 2193 2196 2199 2203 2206 2209 2211 2244 2250 2256 2263 2275 2276 2277 2281 2285 2291 2294 2297 2302 2303 2306 2308 2312 2313 2315 2327 2335 2340 2359 2370 2372 2377 2387 2434 2463 2466 2474 2475 2481 2493 2495 2499
pairs
23 335 372 492 531 628 676 953 1009 1064 1127 1496 1511 1529 1678 1742 1781 1793 1802 1806 1813 1834 1861 1864 1884 1912 1950 2000 2005 2022 2096 2175 2182 2205 2299 2315 2340 2351 2353 2363 2425
k-group
24
duplicates
25 79 81 82 380 441 1046 1208 1835
array
25 32 33 79 80 87 107 152 153 166 188 214 237 329 359 383 409 420 441 447 452 456 461 524 531 539 547 560 564 628 633 658 664 696 701 804 841 844 851 895 904 911 914 921 931 940 944 953 960 976 1004 1012 1042 1059 1094 1120 1121 1143 1145 1149 1186 1242 1249 1286 1295 1299 1329 1330 1337 1353 1388 1393 1407 1415 1419 1440 1463 1469 1470 1479 1485 1496 1525 1534 1537 1550 1557 1568 1573 1607 1618 1635 1639 1645 1648 1663 1670 1673 1674 1684 1706 1711 1713 1719 1734 1742 1751 1763 1763 1801 1813 1821 1826 1876 1886 1908 1919 1928 1960 1965 1967 1968 1978 1981 1984 1990 1997 2006 2006 2008 2011 2021 2021 2024 2034 2052 2088 2090 2107 2110 2112 2121 2148 2149 2154 2160 2169 2171 2175 2178 2182 2189 2196 2199 2205 2207 2209 2215 2218 2220 2228 2262 2269 2272 2288 2293 2294 2320 2339 2340 2343 2356 2365 2368 2385 2421 2432 2438 2447 2458 2459 2474 2495
element
26 33 161 168 214 228 229 377 495 502 539 555 702 960 1059 1149 1156 1197 1286 1298 1492 1706 1837 1845 1847 1900 1908 2201 2403 2453
find
27 33 152 153 161 276 286 294 365 372 388 435 437 441 447 483 500 512 514 563 570 578 583 608 633 651 657 718 723 743 759 801 832 889 942 996 1001 1094 1099 1159 1197 1236 1260 1274 1282 1284 1294 1302 1303 1333 1370 1378 1384 1393 1396 1411 1413 1419 1438 1468 1476 1488 1505 1516 1520 1532 1534 1541 1544 1561 1601 1604 1605 1612 1672 1722 1728 1731 1737 1739 1740 1766 1778 1790 1810 1820 1822 1834 1893 1900 1963 1970 1978 1979 1981 1984 1987 1990 1991 2006 2027 2057 2088 2091 2098 2099 2107 2114 2149 2155 2176 2199 2214 2216 2220 2224 2238 2268 2272 2322 2358 2385 2394 2419 2432 2484
the
27 27 217 276 286 388 465 485 489 491 498 504 563 565 585 586 601 633 639 751 752 788 842 864 875 935 942 996 1084 1100 1140 1141 1153 1169 1184 1195 1203 1216 1221 1225 1232 1233 1239 1268 1269 1280 1281 1281 1282 1284 1302 1316 1326 1328 1333 1333 1336 1337 1351 1355 1364 1368 1370 1377 1384 1386 1388 1411 1413 1414 1415 1416 1419 1430 1438 1465 1466 1468 1469 1470 1478 1483 1487 1490 1491 1497 1518 1518 1531 1532 1532 1534 1536 1537 1543 1547 1548 1563 1579 1592 1595 1612 1613 1651 1665 1672 1683 1705 1717 1724 1730 1731 1742 1766 1778 1786 1787 1787 1800 1806 1816 1821 1822 1822 1826 1831 1837 1847 1849 1858 1860 1863 1874 1886 1887 1889 1892 1893 1893 1895 1899 1903 1908 1923 1941 1941 1942 1950 1950 1959 1961 1962 1963 1968 1971 1977 1980 1984 1984 1985 1989 1990 1993 1995 1995 1996 2001 2003 2003 2009 2009 2011 2018 2023 2037 2038 2038 2040 2048 2050 2050 2057 2071 2074 2081 2082 2085 2094 2097 2098 2099 2100 2107 2110 2111 2111 2116 2117 2121 2128 2131 2141 2144 2149 2152 2154 2164 2169 2174 2187 2190 2198 2201 2202 2204 2214 2229 2233 2256 2257 2268 2297 2313 2313 2324 2331 2337 2338 2338 2344 2345 2360 2361 2365 2368 2371 2376 2385 2387 2413 2417 2431 2431 2432 2433 2468 2476 2484 2492 2493
index
27 397 598 723 851 879 1064 1532 1801 1990 2056
first
27 33 40 277 386 1428 1785 1971 1996 2107 2313 2350
occurrence
27 2084
divide
28 1120 1230 1295 2137 2146 2205 2405 2480 2490 2492
integers
28 370 599 969 991 1303 1316 1355 1386 1480 1610 1654 1804 1892 2176 2177 2179 2194 2234 2275 2375 2441
concatenation
29 1639 1679 1928 2022
all
29 316 431 437 441 447 796 827 846 862 863 864 893 1044 1046 1058 1150 1197 1208 1265 1269 1276 1304 1357 1358 1375 1396 1411 1414 1436 1442 1460 1465 1468 1502 1503 1556 1574 1575 1583 1587 1622 1722 1768 1780 1786 1834 1838 1843 1857 1862 1892 1896 1909 1940 1949 1950 1991 1996 2062 2091 2114 2119 2123 2123 2127 2132 2133 2149 2154 2166 2173 2191 2199 2243 2322 2338 2402 2419 2424
words
29 150 185 210 272 471 556 647 691 757 803 808 819 883 1159 1177 1254 1323 1450 1591 1879 1934 2046 2084 2113 2130 2134 2184 2451
next
30 115 116 495 502 555 680 1018 1841 2047 2453
permutation
30 59 265 266 483 566 783 1052 1219 1237 1408 1588 1733 1805 1919
search
32 34 73 78 80 94 95 97 98 107 108 172 210 211 234 239 254 269 271 425 500 641 668 699 699 700 701 703 744 896 1007 1037 1267 1304 1381 1585 2475
rotated
32 80 152 153 787 1751
and
33 37 104 105 120 121 122 187 200 210 261 270 285 296 298 308 364 427 448 473 534 591 713 716 739 744 770 774 789 832 840 850 888 889 908 912 981 1025 1049 1109 1180 1210 1279 1280 1284 1332 1342 1345 1358 1397 1400 1464 1488 1490 1508 1564 1604 1692 1714 1727 1751 1756 1834 1845 1883 1899 1971 1980 1983 2003 2009 2057 2082 2090 2102 2112 2127 2132 2147 2163 2171 2173 2175 2209 2226 2239 2274 2282 2299 2308 2351 2418 2442 2481 2481
last
33 57 1045 1048 1162 1203 1351 1494 1502 1785 1969 1971
position
33 34 1216 1376 1514 1963 2020 2399
insert
34 56 379 380 700 707
sudoku
35 36
solver
36
count
37 203 221 249 314 326 356 465 579 695 729 810 827 1066 1106 1179 1219 1247 1266 1276 1350 1358 1394 1398 1441 1447 1503 1522 1533 1574 1582 1616 1637 1640 1683 1687 1691 1710 1714 1728 1734 1758 1772 1781 1793 1802 1813 1884 1904 1906 1915 1921 1924 1954 1972 1989 1994 2005 2030 2043 2048 2061 2066 2084 2087 2134 2144 2147 2168 2175 2178 2179 2182 2200 2209 2210 2236 2248 2249 2254 2256 2264 2265 2275 2282 2283 2297 2301 2314 2315 2319 2337 2363 2375 2392 2408 2441 2443 2465 2483 2487
say
37
combination
38 39 215 376 1285 2274
ii
39 44 46 51 58 62 79 80 81 89 91 94 106 112 116 118 121 125 131 136 139 141 153 157 166 185 209 211 212 218 226 228 239 243 246 252 263 264 266 271 274 290 293 304 323 349 363 374 406 444 445 453 461 486 502 504 509 511 517 521 532 540 548 551 597 638 643 666 671 679 684 710 730 736 767 849 909 921 927 939 954 962 997 1039 1048 1065 1068 1075 1082 1087 1095 1131 1139 1141 1148 1158 1173 1204 1208 1288 1423 1462 1493 1530 1579 1585 1586 1590 1643 1644 1681 1723 1727 1750 1775 1803 1891 1900 1923 2009 2068 2104 2133 2152 2173 2185 2298 2322 2364 2380 2406 2497
missing
40 162 267 1059 1227 1538 1612 1964 2002 2027
positive
40 1236 1412 1538 1566 1820 2177 2440
trapping
41 406
rain
41 406
multiply
42
strings
42 204 248 270 414 554 582 711 853 858 892 1070 1110 1169 1220 1246 1346 1396 1399 1414 1553 1615 1640 1656 1683 1753 1767 1789 1896 1966 2022 2059 2067 2156 2185 2222 2226 2415 2449 2465
wildcard
43
jump
44 54 402 974 1305 1339 1344 1695 1870 2296 2497
game
44 54 173 288 291 292 293 352 389 487 510 511 533 549 678 681 809 821 836 876 1024 1096 1139 1144 1274 1305 1339 1344 1405 1509 1534 1562 1685 1689 1695 1822 1870 1871 1907 1926 1995 2004 2016 2028 2213 2292 2296
permutations
45 46 902
rotate
47 60 188 395 795
image
47 660 831 834
group
48 248 1150 1281 1281 1398 1483 1561 1874 2133
anagrams
48 437 2272
pow(x,
49
n)
49
n-queens
50 51
maximum
52 103 123 151 163 238 317 320 324 413 420 558 567 623 627 642 643 645 653 661 669 688 717 794 894 917 961 997 1025 1030 1042 1071 1101 1110 1119 1130 1160 1182 1185 1188 1190 1218 1223 1234 1238 1254 1291 1296 1297 1322 1338 1348 1352 1372 1382 1419 1421 1422 1452 1455 1463 1464 1490 1513 1519 1536 1545 1560 1566 1588 1593 1598 1600 1609 1613 1617 1619 1645 1667 1690 1694 1701 1704 1706 1709 1716 1741 1745 1748 1750 1752 1769 1791 1792 1797 1799 1801 1814 1819 1828 1830 1832 1839 1845 1853 1854 1855 1866 1876 1880 1897 1910 1912 1920 1934 1936 1937 1946 1949 1950 1952 1959 1974 1988 2001 2007 2015 2024 2035 2043 2057 2063 2064 2070 2090 2100 2105 2113 2126 2129 2140 2150 2171 2177 2211 2217 2218 2225 2232 2233 2241 2244 2246 2270 2273 2278 2284 2290 2293 2313 2316 2320 2340 2354 2357 2370 2381 2396 2397 2409 2410 2418 2427 2429 2438 2460 2471 2478 2492 2495 2496
subarray
52 151 208 324 522 559 580 642 643 712 717 861 906 917 973 977 1156 1185 1309 1329 1437 1492 1507 1566 1573 1707 1745 1748 1792 1799 1851 1855 1917 2035 2089 2103 2333 2400 2418
spiral
53 58 884 2325
matrix
53 58 72 73 239 310 328 377 518 541 561 565 755 765 860 866 884 1029 1090 1251 1252 1283 1283 1313 1328 1336 1350 1379 1438 1571 1581 1593 1604 1631 1885 1974 2122 2318 2325 2372 2386 2391 2434
intervals
55 351 434 914 1287 2120 2275 2405
interval
56 435 985 1123 1271 1522 1850
length
57 470 645 717 872 1238 1291 1414 1436 1455 1565 1566 1587 1696 1707 1723 1749 1770 1959 2001 2073 2098 2216 2413 2460
word
57 78 125 126 138 139 191 211 242 243 244 287 289 290 317 407 410 421 424 523 526 690 719 747 818 842 915 1002 1319 1454 1454 1857 1879 1966 1973 1999 2017 2283
sequence
59 127 254 297 443 548 841 902 935 1429 1501 1621 1717 2241 2349
unique
61 62 94 95 287 356 386 410 466 803 827 928 944 979 1132 1206 1238 1303 1377 1428 1480 1486 1564 1592 1646 1747 1929 1979 1986 2106 2167 2355
paths
61 62 256 575 796 979 1058 1079 1300 1456 1465 1696 1723 1785 2076 2202 2327 2420 2434
minimum
63 75 110 152 153 208 309 410 432 451 452 461 529 538 598 624 670 711 726 782 800 856 870 920 930 938 944 962 982 994 999 1006 1038 1084 1101 1129 1134 1150 1166 1196 1198 1199 1209 1216 1246 1248 1262 1265 1283 1288 1311 1317 1319 1325 1334 1346 1367 1402 1412 1413 1418 1442 1481 1488 1490 1504 1508 1525 1528 1535 1540 1546 1550 1552 1556 1557 1567 1577 1594 1610 1630 1646 1652 1653 1657 1664 1670 1673 1680 1688 1702 1712 1722 1732 1736 1749 1757 1759 1760 1768 1774 1784 1793 1805 1809 1817 1823 1826 1829 1847 1849 1850 1863 1869 1878 1882 1887 1888 1895 1905 1927 1935 1949 1953 1955 1958 1962 1968 1973 1983 1985 2008 2026 2032 2036 2044 2051 2057 2058 2085 2086 2090 2092 2110 2122 2133 2138 2143 2151 2159 2161 2162 2166 2169 2170 2185 2186 2187 2192 2202 2207 2208 2213 2215 2219 2223 2243 2255 2259 2267 2279 2289 2303 2312 2321 2322 2332 2334 2339 2343 2360 2365 2378 2382 2390 2402 2405 2411 2435 2447 2448 2456 2462 2463 2470 2472 2476 2480 2482 2491 2498
path
63 70 111 112 123 328 387 436 655 665 686 846 863 930 1090 1101 1103 1128 1137 1218 1288 1292 1367 1371 1390 1429 1495 1513 1547 1630 1729 1777 1809 1970 2064 2244 2245 2266 2276 2303 2466 2491
plus
65 368 763
one
65 160 232 368 561 622 1052 1179 1185 1367 1403 1427 1492 1553 1603 1610 1637 1736 1745 1783 1789 1908 2084 2212 2224 2435 2444
binary
66 93 94 95 97 98 101 102 103 104 105 106 107 108 109 110 113 123 143 144 155 172 198 225 234 235 254 256 269 271 296 297 313 330 365 400 425 430 500 535 542 544 548 557 562 605 616 636 653 654 661 668 670 692 695 699 700 703 741 760 761 813 822 862 867 888 893 918 929 950 957 964 967 970 978 986 992 997 1007 1015 1017 1021 1037 1090 1103 1144 1160 1237 1252 1260 1283 1289 1304 1338 1360 1366 1371 1372 1374 1378 1381 1403 1429 1447 1456 1460 1484 1535 1544 1581 1585 1596 1601 1643 1649 1659 1665 1675 1679 1701 1739 1757 1783 1863 1887 1965 1979 2095 2154 2195 2310 2312 2330 2379 2384 2414 2449 2457 2470 2475
text
67 2295
justification
67
sqrt(x)
68
climbing
69 745
stairs
69 745
simplify
70
edit
71 160
distance
71 160 242 243 244 316 357 460 476 611 612 623 718 773 782 820 848 862 1029 1181 1183 1319 1332 1333 1384 1616 1721 1739 1847 1854 2203 2462
set
72 644 756 761 901 2161 2335
zeroes
72 171 282 473 792
2d
73 239 250 303 307 1259 1558 2021
sort
74 146 147 279 323 359 450 790 904 911 921 1121 1202 1328 1355 1386 1584 1635 1771 1997 2045 2163 2190 2365 2376 2417 2458 2470
colors
74 1128 1930 2077
window
75 238 479 726 1708
subsets
77 89 697 915 1993 2043
largest
83 178 214 332 367 409 478 514 585 702 746 763 811 812 948 951 975 1089 1132 1138 1362 1398 1448 1508 1623 1707 1717 1724 1726 1737 1753 1795 1856 1894 1902 1945 1984 2097 2098 2230 2263 2271 2274 2283 2372 2383 2440
rectangle
83 84 222 301 362 390 491 835 849 938 962 1239 1273 1400
histogram
83
maximal
84 220 1614
partition
85 415 560 662 697 762 914 1012 1042 2024 2034 2160 2293 2368 2404
scramble
86
gray
88
code
88 803
decode
90 270 393 534 638 1719 1733 2074 2324
ways
90 240 638 1268 1410 1433 1443 1524 1568 1572 1576 1638 1663 1691 1711 1718 1734 1865 1915 1975 1976 2024 2146 2183 2188 2221 2239 2269 2319 2399 2465
linked
91 113 140 141 159 202 205 233 236 327 368 381 425 429 706 707 724 816 875 1018 1170 1264 1289 1366 1473 1633 1668 1720 1835 2045 2094 2129 2486
restore
92 1415 1742
ip
92 467 750 1107
addresses
92 928
tree
93 97 98 99 100 101 102 103 104 105 106 107 108 109 110 113 123 143 144 155 172 198 221 225 234 235 254 256 260 269 271 296 297 313 330 365 425 426 427 428 430 430 500 512 514 535 537 542 544 548 558 562 571 588 589 605 607 622 636 653 654 661 662 668 670 699 700 741 813 833 862 888 896 918 957 964 967 970 978 986 992 997 1007 1027 1037 1037 1103 1129 1144 1160 1244 1260 1272 1338 1360 1366 1371 1372 1378 1378 1381 1429 1442 1447 1456 1482 1484 1488 1489 1505 1515 1521 1585 1596 1601 1608 1627 1643 1649 1659 1665 1675 1718 1739 1765 1992 2004 2095 2195 2276 2312 2321 2330 2377 2384 2414 2457 2466 2470 2475
inorder
93 104 105 284 509
traversal
93 101 102 104 105 106 143 144 313 428 588 589 888 970 986 1007 1027
trees
94 95 309 616 674 822 871 893 950 1304 1611
interleaving
96
validate
97 467 945 1360
recover
98 1027 2121
same
99 804 946 966 1216 1268 1466 1518 1568 1603 1725 1778 1841 1874 1971 2037 2076 2082 2398 2439 2493
symmetric
100
level
101 102 106 428 1160 2470
order
101 102 106 182 313 428 439 896 949 986 1029 1113 1162 1388 1402 1510 1838 1901 2158
depth
103 110 558 1110 1613 1901
construct
104 105 426 491 535 605 888 1007 1353 1399 1717 2181 2374
preorder
104 143 254 330 588 888 970 1007 1027
postorder
105 144 589 888
convert
107 108 404 425 537 1016 1283 1289 1316 1539 1852 1944 2021 2026 2058 2219 2223 2468
balanced
109 1220 1233 1652 1962 2047
flatten
113 250 340 429
distinct
114 158 339 693 710 939 1080 1179 1315 1466 1697 1851 1875 2052 2317 2441 2449 2460 2464
subsequences
114 490 658 729 791 939 1331 1457 1497 1770 1818 1929 1954 1986 2001 2206 2483
populating
115 116
right
115 116 198 435 1298 1601
pointers
115 116
each
115 116 514 1111 1177 1189 1293 1433 1476 1548 1595 1730 1740 1768 1776 1788 1828 1830 1850 1851 1963 1987 2002 2014 2050 2069 2141 2152 2157 2198 2249 2313 2355 2371 2499
pascal's
117 118
triangle
117 118 119 609 610 811 975
best
120 121 122 187 295 308 713 1013 1514 1625 2053 2346
time
120 121 122 187 308 538 635 680 713 742 758 948 980 1198 1265 1375 1442 1449 1577 1660 1700 1722 1735 1740 1869 1882 1927 1955 1973 2038 2044 2072 2140 2161 2166 2186 2187 2223 2322 2331 2334 2379 2384 2390 2402
buy
120 121 122 187 308 713 2072 2239 2472
sell
120 121 122 187 308 713 1647
stock
120 121 122 187 308 713 900 2033 2109
iii
122 169 215 219 244 247 259 336 436 498 533 555 556 629 731 771 884 959 979 1003 1069 1076 1083 1200 1215 1277 1305 1405 1472 1649 1650 1812 2049 2401
ladder
125 126
consecutive
127 179 297 484 486 548 561 599 602 658 828 966 994 1003 1032 1039 1170 1295 1445 1549 1575 1679 1702 1797 1848 2176 2228 2259 2273 2291 2378
root
128 1021 1079 1429 1505 1665 2235
leaf
128 741 987 1021 1079 1129 1529
surrounded
129
regions
129 958
partitioning
130 131 1277 1688 1744
clone
132 1378 1484 1489
graph
132 260 322 784 881 1547 1578 1626 1760 1790 1856 1970 2064 2191 2203 2315 2359 2496
gas
133 773
station
133 773
candy
134 722 887 1743
single
135 136 259 539 618 1931 2197
copy
137
random
137 381 397 477 496 518 527 709 1484
pointer
137 1484
break
138 139 342 1327 1432
cycle
140 141 2203 2359
reorder
142 936 1465 1568
lru
145
cache
145 459
insertion
146 1311 1880 1901
max
148 362 484 486 694 715 767 768 773 806 1003 1300 1431 1457 1498 1578 1592 1616 1678 2292 2341
points
148 779 972 1265 1422 1583 1594 1609 1636 1636 1827 1936 2057 2151 2211 2248
on
148 1274 1298 1408 1504 1525 1709 1743 1827 1869 1882 1971 1992 2020 2055 2150 2193 2210 2236 2321 2429 2431 2467
line
148 194 355 561 612 1231 1620 2279 2360
evaluate
149 398 1439 1627 1806 2330
polish
149
notation
149
product
151 237 317 478 627 712 1067 1068 1069 1163 1280 1338 1351 1457 1463 1542 1548 1566 1569 1576 1593 1725 1734 1821 1867 1873 1912 1959 1968 2001 2039 2116 2232 2323 2328 2437 2494
min
154 745 1583 2292
stack
154 224 715 894 945 1380 1440
upside
155
down
155
read
156 157
n
156 157 901 956 1015 1303 1345 1356 1410 1414 1473 1491 1552 1798 1883 2140
given
156 157 570 827 901 948 1163 1217 1236 1269 1281 1282 1324 1388 1449 1455 1497 1604 1638 1662 1784 1801 1901 1981 2059 2114 2155 2160 2176 2184 2254 2358
read4
156 157
-
157 166 169 302 303 306 307 380 445 652
call
157 1971
multiple
157 1353 1362 1998 2247 2412
times
157 1049 1374 1565 1603 2013 2237 2436
at
158 339 394 569 595 746 756 861 879 901 1049 1163 1333 1367 1427 1436 1449 1504 1783 1801 1882 1963 1975 2105
intersection
159 348 349 756 1212 1278 2247
peak
161 851 1764 1900
ranges
162 227 1284 2103
gap
163 867
compare
164 843 1169
version
164 277
fraction
165 591 785
recurring
165
decimal
165
input
166 652
is
166 391 652 784 1002 1149 1231 1249 1374 1390 1413 1429 1451 1576 1584 1751 1779 1831 1932 1957 1960 2228 2266 2293 2318 2368 2434
excel
167 170 630 2193
sheet
167 170 2193
column
167 170 946 1427 1604 2127 2132 2173 2351 2481
title
167 2128
majority
168 228 1149 1156 1537
data
169 210 294 345 351 431 936
structure
169 210 431
design
169 210 347 352 354 361 378 587 603 621 630 634 640 641 704 705 706 1165 1187 1205 1243 1380 1395 1471 1499 1602 1627 1655 1669 1755 1796 1911 2165 2240 2253 2295 2348 2352 2407
factorial
171 792 1005
trailing
171 2244
iterator
172 280 283 340 603 899 1285 1585
dungeon
173
combine
174
tables
174
second
175 613 670 1368 1795 2044
highest
175 176 183 577 797 1111 1731 1764 1983 2048 2145 2154 2373
salary
175 176 183 568 578 626 1490 1490 1874 1906
rank
177 1330 1365 1614 1631 2101 2345
scores
177 1211 1983 2222 2415
employees
180 1074 1075 1076 1375 1730 1874 1964 1977 2126 2393
earning
180
more
180 1286 1565 1603 2030 2291
than
180 362 712 743 1098 1286 1291 1342 1364 1437 1607 1868 2030 2274 2301 2310 2333 2435
their
180 1262
managers
180 569
duplicate
181 195 216 218 219 286 315 608 651 1043 1088 1947
emails
181 195
customers
182 1044 1397 1564 1820 2081 2083 2473
who
182 601 1044 1049 1397 1580
never
182
department
183 184 1178 1788
top
184 346 691 1406
three
184 325 627 926 1012 1049 1212 1261 1357 1362 1508 1531 1549 1603 1711 1736 1779 1875 1877 1930 1951 2031 2176 2291 2454
salaries
184 1467
repeated
186 458 685 717 1011 1099 1155 1565 2013
dna
186
sequences
186 800 945 1120 2144 2317
iv
187 376 549 652 665 769 1344 1461 1509 1675 1744 2323 2325 2329 2453
bits
189 190 337 692 761 1355
1
190 1015 1355 2083
frequency
191 450 570 894 1169 1223 1347 1510 1635 1837 2079 2167 2422
transpose
193 866
file
193 387 587 608 1165 1486 1499
tenth
194
delete
195 236 379 380 449 582 711 739 943 954 959 1109 1272 1324 1473 1947 1956 2094 2499
rising
196 777
temperature
196 2468
house
197 212 255 264 336 1472 2188
robber
197 212 336
side
198 1291 1298
view
198 1761
islands
199 304 693 710 1253 1904
bitwise
200 897 981 1834 2274 2410 2418 2424
range
200 302 303 306 307 326 369 597 631 714 907 909 937 1066 1507 1522 1802 1892 1982 2079 2116 2142 2145 2193 2437
happy
201 1391 1404 1414
elements
202 346 452 461 631 657 1143 1260 1298 1304 1425 1463 1607 1618 1713 1747 1784 1886 1967 1968 1980 2015 2112 2112 2120 2147 2147 2148 2162 2260 2294 2333
primes
203
isomorphic
204
course
206 209 629 1461 1963
schedule
206 209 629 1334 1461
implement
207 224 231 469 675 1803
trie
207 1803
(prefix
207 1803
tree)
207 1803
size
208 324 701 756 792 951 960 1281 1302 1337 1342 1460 1561 1875 2097 2137
shortest
213 242 243 244 316 470 580 611 612 747 820 846 861 863 933 942 1054 1090 1091 1128 1181 1292 1573 1729 1777 2349
kth
214 229 377 667 702 1438 1482 1491 1538 1544 1642 1737 1849 1917 1984 2039 2052 2342
an
214 322 383 420 441 447 531 578 633 696 831 911 952 1107 1280 1330 1393 1407 1431 1440 1463 1470 1485 1522 1534 1627 1655 1706 1761 1813 1821 1835 1915 1965 1997 2023 2024 2052 2059 2175 2178 2189 2193 2199 2209 2211 2220 2228 2240 2294 2315 2385 2427 2459 2495
contains
216 218 219 1460 2132
skyline
217 806
problem
217 364
square
220 366 421 472 592 632 1138 1276 1291 1576 1724 1811 1894 1924
complete
221 918 2186 2243
area
222 694 811 849 882 891 938 962 1458 1464 1636 2157
basic
223 226 769 771
calculator
223 226 769 771 990
using
224 231 469 1319 1603 1841 1881 1973 2045 2360 2433
queues
224
invert
225
summary
227 1554 1586
smallest
229 301 372 377 439 482 631 667 718 743 785 797 864 907 909 987 1014 1060 1080 1124 1169 1197 1201 1256 1282 1333 1438 1508 1624 1642 1662 1849 1917 1941 1998 2002 2029 2039 2056 2164 2335 2342 2374 2410 2412 2433
bst
229 284 332 448 449 509 529 537 652 775 782 937 1372 1568 1901 1931
power
230 325 341 868 1386
queue
231 405 621 898 1187 1669 1755 1943
stacks
231 1171
digit
232 399 901 1066 1795 2159 2167 2179 2230 2242 2258 2282 2282 2309
lowest
234 235 1122 1643 1649 1675 1983
ancestor
234 235 1025 1122 1482 1643 1649 1675
except
237
self
237 314 334 727
sliding
238 479 772
different
240 729 991 1307 1433 1804 1818 1930 2077 2245
anagram
241 759 1346 2185
strobogrammatic
245 246 247
shifted
248
univalue
249 686
subtrees
249 651 1616 2478
vector
250
meeting
251 252 295 1228 1882 2126 2401
rooms
251 252 840 1915 1996 2401
factor
253 951 1491
verify
254 330
paint
255 264 275 1410 1472
digits
257 356 401 422 737 787 948 1011 1084 1280 1290 1294 1448 1504 1735 1836 1841 1843 1944 1998 2159 2341
smaller
258 314 1364 2147
trips
261 2186
users
261 1106 1453 1516 1632 1816 1938 2204 2227 2229
ugly
262 263 312 1200
alien
268 952
dictionary
268 523 675 719 952 1638 2451
value
269 271 512 514 1101 1130 1324 1329 1384 1386 1412 1498 1508 1520 1662 1694 1737 1801 1856 1880 1895 2002 2010 2056 2155 2164 2217 2282 2370 2387 2439 2444 2454 2495 2499
encode
270 430 470 534 1255
english
272 422 2308
h-index
273 274
fence
275 586 1923
celebrity
276
bad
277 2363
perfect
278 366 390 506
squares
278 424 698 839 976 1239 2012
wiggle
279 323 375
operators
281 963
move
282 1216 1262 1515 1768 1957 2055 2336
peeking
283
successor
284 509
walls
285
gates
285
abbreviation
287 319 407 410 526
life
288
pattern
289 290 455 458 889 1151 1565
nim
291 1907
flip
292 293 518 925 950 970 1071
stream
294 345 351 702 1031 1655 2019
point
295 477 496 1063 1778 2249
serialize
296 427 448
deserialize
296 427 448
bulls
298
cows
298
increasing
299 328 333 672 673 737 800 896 925 949 1120 1186 1369 1635 1826 1908 2015 2327 2392 2406 2473
subsequence
299 333 375 391 445 515 520 521 593 672 673 726 872 890 1026 1080 1142 1217 1402 1424 1672 1681 1712 1754 1910 1939 2013 2029 2097 2098 2310 2369 2388 2406 2485
invalid
300 1168 1349 1682
enclosing
301
black
301 2378
pixels
301
query
302 303 306 307 1828 1850 1937 2069 2342
immutable
302 303 1264
additive
305
mutable
306 307
cooldown
308
height
309 405 1050 1690 1839 2014 2457
sparse
310 1569
multiplication
310 536 667 1769
burst
311 451
balloons
311 451 1188
super
312 371 516 886 905
vertical
313 986 1464 1636
after
314 860 956 984 1002 1004 1077 1180 1268 1376 1421 1464 1473 1480 1492 1504 1618 1624 1701 1721 1745 1749 1798 1845 1880 1944 1945 2010 2088 2105 2106 2112 2118 2134 2159 2162 2201 2208 2230 2232 2272 2300 2316 2321 2381 2399 2441 2449 2457
letters
315 847 916 1254 2380 2398
buildings
316 1761 2014 2221
lengths
317
bulb
318 671
switcher
318 671
generalized
319
create
320 1388 1434 1648 1931 2195 2439
coin
321 517 655
change
321 517 859 1665 1701 1736 1895 2174 2387
connected
322 1318 1760
components
322 816 2439
undirected
322 2203 2315
equals
324 559 1545 1879 2235
odd
327 974 1115 1251 1373 1522 1523 1587 1608 1902 2163 2414 2450
even
327 974 984 1115 1294 1370 1608 2073 2093 2097 2163 2177 2179 2403 2412 2454 2494
patching
329
serialization
330
reconstruct
331 422 1252 1718
itinerary
331
subtree
332 507 571 864 1119 2002 2004 2264 2457
triplet
333 1898
crossing
334 1495
counting
337 1425 2184
nested
338 340 363
weight
338 363 527 1045 1048
four
341 1389 2159
vowels
344 1118 1219 1370 1455 1838 2062
moving
345 1032 1039 2458
average
345 614 636 642 643 804 1119 1250 1342 1490 1660 1700 1791 1824 1866 1967 2014 2255 2264 2454
frequent
346 507 691 1837 2189 2403
tic-tac-toe
347 793
android
350
unlock
350
patterns
350
as
351 557 1161 1161 1454 1633 1966 2345
disjoint
351 914
snake
352
russian
353
doll
353
envelopes
353
twitter
354
reflection
355 857
rearrange
357 1450 1591 1794 1865 2148 2286 2379
apart
357
logger
358
rate
358 577 596 1933
limiter
358
transformed
359
bomb
360 1651
enemy
360
hit
361 802
counter
361
no
362 1041 1099 1275 1606 1625 1636
larger
362
jug
364
leaves
365 403 1122 1301 1324 1429
divisible
367 973 1009 1014 1017 1261 1496 1589 2175 2182 2260 2343 2434 2454
subset
367 415 1451 1862 1981
addition
369 591 597 2456
pow
371
sums
372 973 1353 1507 1604 1877 1981 2162
guess
373 374 842 1537
higher
373 374
or
373 374 557 946 983 1291 1317 1342 1437 1565 1603 1607 1778 2224 2262 2291 2310 2410
lower
373 374 708 2308
directory
378
getrandom
379 380
o(1)
379 380
allowed
380
ransom
382
note
382
shuffle
383 869 1469 1527
mini
384
parser
384 438 1409 1677
lexicographical
385 439 1162 1414
character
386 423 820 1155 1169 1553 1637 1646 2212
absolute
387 529 1130 1199 1437 1684 1748 1817 1905 2005 2045
difference
388 529 538 1025 1199 1217 1431 1508 1793 1817 1905 1912 1937 1980 1983 2005 2015 2034 2162 2214 2255 2293 2332 2450 2481
elimination
389 1292
utf-8
392
validation
392
least
394 569 595 746 756 861 963 1049 1367 1427 1436 1480
function
395 792 1520 1557 1627
replacement
396 423 2300
pick
397 527 709 2259
division
398 552
watch
400
frog
402 1376 2497
left
403 512 1977
hexadecimal
404
reconstruction
405 443
by
405 450 617 904 921 951 958 973 1009 1014 1017 1159 1169 1202 1254 1261 1310 1332 1355 1365 1383 1386 1412 1459 1478 1483 1496 1553 1589 1635 1637 1690 1735 1740 1763 1771 1885 2130 2148 2153 2182 2230 2231 2270 2307 2355 2356 2396 2434 2454 2458 2470
split
409 547 554 658 724 775 804 841 1220 1524 1572 1592 1615 1711 2177 2269 2435 2463 2467
fizz
411 1194
buzz
411 1194
arithmetic
412 445 1026 1217 1227 1306 1501 1629 2366
slices
412 445 1387
third
413
equal
415 452 461 547 662 697 926 971 981 1006 1012 1071 1207 1223 1246 1291 1317 1342 1437 1441 1459 1550 1576 1607 1623 1774 1786 1789 1793 1886 1896 1940 1967 1972 1982 2022 2056 2066 2136 2167 2175 2205 2264 2282 2310 2341 2351 2356 2394 2446 2447 2469 2490
pacific
416
atlantic
416
flow
416
sentence
417 733 736 1450 1454 1617 1812 1815 1831 1858 2041 2046 2051 2489
screen
417 1617
fitting
417
battleships
418
board
418 1137
strong
419 1948 2298
password
419 2298
checker
419 1050 2298
xor
420 809 1309 1441 1485 1706 1737 1786 1802 1828 1834 1862 1878 2316 2424 2428 2432 2478
original
422 2006 2059 2121 2432
doubly
425 429
quad
426
n-ary
427 428 430 558 588 589 1489 1505 1515 1521
multilevel
429
o`one
431
genetic
432 1937 2002
mutation
432
segments
433 1620 1786 1868
non-overlapping
434 496 688 1030 1476 1519 1545 1620 2053 2471 2478
ternary
438
k-th
439 718 778 785 1414
arranging
440
coins
440 978 1229 1560 2217
compression
442 1530
boomerangs
446
disappeared
447
arrows
451
moves
452 461 1196 1209 1262 1508 1539 1673 2026 2036 2138 2192 2201
assign
454 2070
cookies
454 2304
132
455
circular
456 621 640 707 917 1237 1452 1559 1822 2489
loop
456
poor
457
pigs
457
lfu
459
hamming
460 476 1721
island
462 694 826 1567
perimeter
462 975 1953
can
463 604 1159 1176 1195 1221 1297 1352 1419 1422 1431 1432 1441 1500 1501 1539 1560 1622 1641 1724 1743 1750 1789 1797 1885 1934 1952 1969 1988 2017 2070 2115 2200 2281 2354
i
463 495 510 520 530 550 642 728 907 1067 1074 1081 1140 1147 1157 1172 1192 1563 1634 2141
win
463 2382
optimal
464 552 2404
account
464 1554 1586 2065
balancing
464
repetitions
465
substrings
466 646 695 827 1015 1099 1179 1189 1207 1315 1357 1512 1519 1592 1637 1697 1716 1758 1780 1793 1875 1914 1932 1959 1966 2061 2062 2066 2082 2167 2471 2488
wraparound
466
address
467 1107
convex
468
polygon
468 1038
rand10()
469
rand7()
469
concatenated
471 554 1238
matchsticks
472
ones
473 484 486 599 1003 1182 1276 1503 1702 1783 1868 2030 2122 2127 2173 2481
heaters
474
complement
475 1008
total
476 1009 1307 1383 1740 1958 1961 2233 2261 2280 2284 2430 2461 2462 2498
circle
477 1040 1400 1827 2248 2480
magical
480 877
license
481
key
481 1408 1628 2189
formatting
481
good
482 1249 1396 1447 1511 1524 1529 1533 1710 1792 1921 1986 1993 2099 2150 2178 2419 2420 2465
base
482 503 1008 1016 1836
predict
485
winner
485 1274 1534 1822 2071
zuma
487
robot
488 656 873 1040 2060 2068 2086 2433
room
488 854 1846 2076
cleaner
488
maze
489 498 504 1035 1925 2076
non-decreasing
490 664 2262 2288
target
493 743 796 1057 1073 1154 1181 1209 1262 1299 1353 1388 1448 1476 1520 1525 1545 1557 1638 1847 1898 1980 2022 2088 2138 2286
teemo
494
attacking
494
greater
495 502 537 555 743 1018 1037 1342 1607 1998 2047 2147 2274 2333 2435 2453
rectangles
496 749 1458 1724 2000 2249
diagonal
497 1423 1571
traverse
497 1423
keyboard
499 649 650 1164
row
499 514 622 946 1006 1604 2127 2132 2173 2351 2386 2481 2499
mode
500
ipo
501
7
503
relative
505 1121
ranks
505
fibonacci
508 841 872 1413 2004
play
510 511 533 549 1096
analysis
510 511 533 549 1067 1068 1069 1081 1082 1083 1096 1157 1158 2323 2328
bottom
512
freedom
513
trail
513
washing
516
machines
516
detect
519 1558 1565 2012
capital
519 1392 2476
uncommon
520 521 883
continuous
522 580 673 1284 1437 2008 2413
through
523 1639 1648
deleting
523 1492 1749
contiguous
524 1224 1868
beautiful
525 666 931 2069 2215 2456 2477
arrangement
525 666 2096
minesweeper
528
lonely
530 532 1468 2149
pixel
530 532
k-diff
531
tinyurl
534
complex
536
01
541
diameter
542 1244 1521
output
543
contest
543 1632
matches
543 1687 2338
boundary
544 575
boxes
545 1297 1466 1563 1579 1686 1738
provinces
546
student
550 551 579 1111 1893
attendance
550 551
record
550 551
brick
553 2183
wall
553 2183
logical
557
grids
557
represented
557 1633
quad-trees
557
tilt
562
nesting
564 1110 1613
reshape
565
vacation
567
days
567 956 1010 1117 1140 1141 1359 1481 1552 1567 2099 2227 2408
employee
568 576 578 689 758 1377 1730 1740 1788 2431
5
569 595 1017
direct
569
reports
569
another
571 1152 1432 1451 1763 2095
squirrel
572
simulation
572 873 1222 2068
winning
573 2172
candidate
573
distribute
574 978 1102 1654 1691
candies
574 1102 1297 1430 1691 2106 2143 2225
out
575 1502 2031
bonus
576 1872
get
577 863 1207 1297 1310 1368 1412 1431 1536 1560 1568 1645 1729 1877 2312 2378
answer
577
question
577
cumulative
578
departments
579 614 1349
unsorted
580 1835 1965
kill
581 2402
process
581 1660 1881 2075
operation
582 1380 1485 1745
for
582 674 711 902 948 982 998 1006 1042 1071 1111 1140 1141 1155 1177 1233 1236 1285 1307 1514 1548 1595 1702 1776 1788 1828 1952 1955 1987 2069 2083 2204 2229 2306 2368 2384 2482
customer
583 585 1363 1510 1580 1595 1671
referee
583
investments
584
2016
584
placing
585
orders
585 1356 1417 1531 1548 1564 1800 1866 2083 2083 2291
erect
586 1923
in-memory
587
system
587 608 634 641 1165 1267 1395 1499 1602 1911 1947 2042 2348 2352
tag
590 615 1988
validator
590
subtraction
591
harmonious
593
big
594
countries
594 1500
classes
595
students
595 617 1279 1348 1349 1411 1449 1699 2018
friend
596 601 2075
requests
596 601 1600 1605 2075
i:
596
overall
596
acceptance
596
non-negative
599
human
600
traffic
600 1278 2111
stadium
600
ii:
601
has
601 1778 1783 2282
friends
601 824 1100 1310 1582 1916 1918
available
602 998
seats
602 625
compressed
603
place
604 1268 2319
flowers
604 2250
sales
606 1067 1068 1069 1081 1082 1083 1383 1478 1606 2323 2328
person
606 848 1203
judgement
609
plane
611
degree
613 696 1760 2313
follower
613
salary:
614
vs
614
company
614 1634 1644 1650 1977 2003 2009 2305
bold
615 757
report
617 1224 1269 1730 2476
geography
617
biggest
618 1708 1877
not
619 1397 1451 1580 1766 1967 2019
boring
619
movies
619 1494
task
620 2364 2431
scheduler
620 1228 2364
factorization
624
exchange
625
inverse
628
formula
630
covering
631 2208
derangement
633
log
634 936 1597
storage
634 1686
exclusive
635
functions
635
levels
636 2136 2414
shopping
637
offers
637
solve
639
equation
639 1236 1498 2117
deque
640
autocomplete
641
mismatch
644
pair
645 718 1013 1189 1854 1876 1982 2341
chain
645 1047
replace
647 832 889 1233 1298 1377 1575 1843 1893 2196 2294
dota2
648
senate
648
2
649 868 1883
keys
649 650 840 863
4
650
print
654 1113 1114 1115 1264 1323 2433
return
656 1109
origin
656 972
into
658 700 707 841 903 914 1012 1120 1152 1195 1563 1579 1592 1688 1711 1848 1932 2021 2034 2051 2137 2205 2405 2421 2435 2490 2492
9
659
smoother
660
width
661 961
strange
663 1229 1590
printer
663 1590
table
667 1178 1417 1666 1794 2251 2252 2307 2376 2387
trim
668
cut
674 958 1546
off
674
golf
674
event
674
magic
675 839 1894 2170
map
676 1764
parenthesis
677
24
678
baseball
681
empty
682 2458
slots
682
redundant
683 684
connection
683 684
match
685 941 970 2300
knight
687 934 1196
probability
687 1226 1466 1513
chessboard
687 781 1811 2055
3
688 1410
subarrays
688 794 897 929 991 1030 1062 1247 1459 1525 1545 1587 1629 1711 1763 1949 2030 2260 2301 2347 2392 2394 2410 2435 2443 2446 2460 2463 2469 2487 2494
importance
689 2284
stickers
690
spell
690
alternating
692 1128 1757 1863 1887 1910 2035 2169
falling
698 802 930 1288
unknown
701
hashset
704
hashmap
705
case
708 783 2308
blacklist
709
ascii
711
less
712 1098 1291 1437 2301 2310
transaction
713 1830
fee
713
module
714
1-bit
716
2-bit
716
accounts
720 1746 1842 2019
comments
721 1240
crush
722
pivot
723 2160 2484
parts
724 926 1012
atoms
725
dividing
727
my
728 730 731
calendar
728 730 731
flood
732 1487
fill
732 2334
similarity
733 736 1812
asteroid
734
collision
734
parse
735
lisp
735
monotone
737 925
daily
738 1106 1692
temperatures
738
earn
739
cherry
740 1462
pickup
740 1358 1462
network
742 1191 1318 1614 1619 2038
delay
742
suffix
744 1528 2119
cost
745 856 982 999 1129 1134 1166 1216 1367 1546 1583 1594 1773 1809 1895 1927 1936 2051 2086 2092 2143 2161 2246 2303 2447 2461 2472 2476 2498
twice
746 2350
others
746
completing
747
contain
748
virus
748 1955
corner
749 2289
cidr
750
open
751 1325
lock
751
cracking
752
safe
752 801
reach
753 1209 1556 1641 1653 1849 1927 2044 2092 2138 2289 2399
pour
754 2136
pyramid
755
transition
755
free
758
mappings
759
special
760 1474 1581 1607 1713 1872 1954 1973 1994 2273 2375
prime
761 785 865 1174
representation
761 1237 1403
labels
762 1089
sign
763 1821 2148
couples
764
holding
764
hands
764 1343
toeplitz
765
reorganize
766
chunks
767 768
make
767 768 800 920 943 944 954 959 1143 1176 1186 1246 1248 1311 1317 1318 1346 1367 1459 1465 1481 1501 1543 1550 1557 1573 1577 1580 1589 1610 1615 1646 1652 1663 1670 1673 1712 1734 1757 1786 1789 1797 1826 1829 1863 1886 1887 1896 1908 1956 1962 2008 2032 2110 2136 2169 2185 2192 2215 2262 2286 2288 2339 2343 2356 2447 2448 2456 2485 2498
jewels
770
stones
770 946 999 1032 1039 1752 1961
puzzle
772 1177 1180 1306
minimize
773 923 927 1057 1674 1721 1873 1876 1961 1980 2034 2231 2370 2428 2438
global
774 2174
local
774 2372
inversions
774
adjacent
776 1041 1046 1208 1504 1702 1742 1849 2122 2245 2339
lr
776
swim
777
symbol
778
grammar
778
reaching
779
rabbits
780
forest
780 1109
transform
781 1330 1631
between
782 1025 1183 1189 1343 1359 1384 1508 1551 1591 1616 1623 1636 1668 1698 1708 1854 1912 1939 1980 1983 2015 2054 2057 2120 2136 2180 2398 2481 2491
bipartite?
784
cheapest
786
flights
786
within
786 1010 1207 2145 2227 2397 2451
stops
786 870 1183
escape
788 1035 2257
ghosts
788
domino
789 1006 1127
tromino
789
tiling
789 1239
custom
790
preimage
792
state
793
bounded
794 1040 1187 1801
source
796 1058
rotation
797 1885
score
797 855 860 1038 1254 1300 1421 1536 1716 1752 1769 1792 1798 1946 1987 2018 2048 2138 2154 2218 2241 2301 2320 2321 2373 2377 2491
champagne
798
tower
798
similar
799 838 1547 1749 1918 2362 2448
rgb
799
color
799 1181 1811 1856 2037
swaps
800 1150 1201 1246 1504 1535 1702 1849 1863 1962 2133 2230 2339
eventual
801
states
801
bricks
802
when
802 1100 2038
morse
803
lines
805 1034 2151 2279
write
805
increase
806
keep
806 1578 2153
city
806 1028 1333 1435 1465 1487 2092 2313
soup
807
servings
807
expressive
808
chalkboard
809
subdomain
810
visit
810 1151 1335
averages
812 2089 2464
pruning
813
bus
814 1183 1203 2141 2152 2331
routes
814 1465 1574
ambiguous
815
coordinates
815
race
817 2187
car
817 852 1093 1775
short
819
encoding
819
card
821
flipping
821 831 860
factors
822 2426
goat
823
latin
823
appropriate
824
ages
824
profit
825 1234 1598 2290
assigning
825
work
825 1952 1985
making
826 1486
large
826 829 1035 1092 1532
positions
829 1581 2236
groups
829 838 892 1202 1594 1814 1991 2073 2137 2156 2285 2357 2405 2492
masking
830
personal
830
information
830 1964
distances
833 2398
overlap
834 835
new
836 1106 2157
21
836
push
837
dominoes
837
grid
839 1000 1259 1292 1367 1390 1410 1535 1558 1658 1777 1809 1877 1913 1930 2016 2032 2086 2119 2131 2256 2281 2303 2327 2370
backspace
843
mountain
844 851 940 1094 1670
hand
845 2346
straights
845
visiting
846 1265
shifting
847 2380
maximize
848 1004 1329 1658 1770 1787 1798 1807 2023 2201 2206 2258 2377 2430
loud
850
rich
850 2081
fleet
852 1775
k-similar
853
exam
854 1348 2023
hire
856 2461
workers
856 2461
mirror
857
buddy
858
lemonade
859
deepest
864 1122 1301
reordered
868
advantage
869
refueling
870
leaf-similar
871
walking
873 2068
koko
874
eating
874
bananas
874
middle
875 1669 1990 2094
stone
876 1045 1048 1139 1405 1509 1562 1685 1689 1871 2028
profitable
878 2466
schemes
878
decoded
879
boats
880
save
880
people
880 1102 1269 1281 1451 1732 1943 1988 2091 2150 2281 2326 2417
reachable
881 2367
subdivided
881
projection
882
3d
882 891
shapes
882 891
sentences
883 1257 2113
possible
885 893 1161 1504 1574 2114 2135
bipartition
885
egg
886 1883
drop
886 1883 2083
fair
887 1663 2304 2416
widths
890
surface
891
special-equivalent
892
full
893 1903 2135 2250 2278
monotonic
895
ors
897
orderly
898
rle
899
online
900 910 1156
span
900
di
902 941 2374
fruit
903
baskets
903
parity
904 921 2230
palindromes
905
minimums
906
snakes
908
ladders
908
election
910
cat
912 1727
mouse
912 1727
x
913 1607 1607 1657 1778
kind
913
deck
913
cards
913 949 1422 2188 2259
only
916 1179 1512
inserter
918
music
919
playlists
919
multiplicity
922
malware
923 927
spread
923 927 1955
long
924 2146
pressed
924
name
924 1542
email
928
recent
932 1368 1531 1548
calls
932 1557 1698
bridge
933
dialer
934
stamping
935 2131
files
936
superstring
942
columns
943 954 959 1071 2158 2396
increment
944 1380
removed
946 1573
bag
947 1759
tokens
947
reveal
949
equivalent
950 1060 1127 1611 1661 2067
component
951
verifying
952
doubled
953 2006
tallest
955
billboard
955
prison
956
cells
956 1029 1251 2193 2256
check
957 1002 1149 1231 1249 1345 1390 1429 1432 1436 1454 1460 1496 1584 1611 1639 1661 1751 1779 1783 1789 1831 1879 1892 1932 1940 1957 1960 2017 2041 2059 2067 2115 2123 2132 2228 2266 2282 2306 2318 2368 2398
completeness
957
slashes
958
n-repeated
960
2n
960
ramp
961
express
963
univalued
964
vowel
965 1640 2061
spellchecker
965
differences
966 1684
cameras
967
pancake
968
sorting
968 1858 2088
powerful
969
rational
971
turbulent
977
based
980 2150 2467
key-value
980
store
980 1776 2050 2063
triples
981 1924
zero
981 1115 1170 1283 1303 1341 1465 1610 1657 1786 2168 2224 2238 2274 2356
tickets
982 2072 2285
aaa
983
bbb
983
queries
984 1210 1309 1408 1420 1475 1634 1644 1650 1827 1905 2079 2437 2457 2475
intersections
985
starting
987
array-form
988
satisfiability
989
equality
989
equations
989 2306
broken
990
cousins
992
rotting
993
oranges
993 1444 1552 1714
bit
994 1544 1610 2219
flips
994 1283 1317 1528 1887 2127 2173 2219 2312
squareful
995
town
996
judge
996
captures
998
rook
998
illumination
1000
if
1002 1149 1231 1249 1345 1390 1429 1432 1436 1454 1460 1496 1584 1611 1656 1661 1703 1751 1779 1783 1789 1831 1879 1892 1932 1940 1957 1960 1970 2017 2037 2041 2059 2115 2123 2132 2228 2266 2282 2318 2368 2445
substitutions
1002
negations
1004
clumsy
1005
rotations
1006 1209
10
1008
songs
1009
durations
1009
60
1009
capacity
1010 2278
ship
1010
packages
1010
d
1010
sightseeing
1013
representing
1015
-2
1016
enclaves
1019
outermost
1020
camelcase
1022
video
1023 2253 2455
stitching
1023
divisor
1024 1070 1282 1978 2197
scheduling
1028 1234
until
1032 1039
coloring
1033 1144
border
1033
uncrossed
1034
boomerang
1036
triangulation
1038
flower
1041
planting
1041
bought
1044 1397
products
1044 1326 1397 1483 1595 1756 1794 2063 2291
actors
1049
directors
1049
cooperated
1049
grumpy
1051
bookstore
1051
owner
1051
previous
1052 2387
distant
1053
barcodes
1053
way
1054
form
1054 1441 1448 1525 1638 1724 1763 1784 1898 2479
confusing
1055 1087
campus
1056 1065
bikes
1056 1065
rounding
1057
error
1057
meet
1057
lead
1058 1465 2076
destination
1058 1435 1927 1975 2044
lexicographically
1060 1624 1717 2433
fixed
1063 2216 2443 2488
greatest
1070 1261 1298 1430 1978 2308 2499
rows
1071 1197 1336 1438 2051 2396
adding
1072 2108 2134 2231
negabinary
1072
submatrices
1073 1276 1503
that
1073 1159 1221 1258 1266 1352 1373 1378 1441 1448 1497 1605 1622 1637 1724 1750 1766 1778 1893 1938 1966 1988 2019 2076 2082 2176 2200 2204 2229 2281 2293 2431 2440 2454
project
1074 1075 1076
occurrences
1077 1206 1296 1909 1940 2029
bigram
1077
tile
1078
possibilities
1078
insufficient
1079
high
1085
five
1085
brace
1086 1095
expansion
1086 1095
zeros
1088 1868 2030 2180 2244 2481
values
1089 1129 1251 1470 1797 1848 1854 1949 2045 2153 2372 2387
supersequence
1091
statistics
1092 1840
sample
1092
pooling
1093
v
1096 1339 1562 2328
unpopular
1097
books
1097 2354
k-length
1099 2029
earliest
1100 1899 2135
moment
1100 1502
everyone
1100 2036
become
1100
labelled
1103
filling
1104
bookcase
1104
shelves
1104
parsing
1105
boolean
1105 1439 2330
defanging
1107
corporate
1108
flight
1108
bookings
1108
grade
1111
reported
1112 1131
posts
1112 1131
foobar
1114
alternately
1114 1767
building
1116 1641 1738 1839
h2o
1116
month
1117 1494 1564
well-performing
1123
sufficient
1124
team
1124 1211 1302 1382 1625
active
1125 1453 1816
businesses
1125
user
1126 1140 1141 1151
purchase
1126
platform
1126 2253
armstrong
1133
connecting
1134
cities
1134 1616 2491
parallel
1135 1493 2049
courses
1135 1493 2049
n-th
1136
tribonacci
1136
alphabet
1137 1308
1-bordered
1138
activity
1140 1141 1354 1368
past
1140 1141
30
1140 1141
decrease
1143
snapshot
1145
chunked
1146
decomposition
1146
article
1147 1148
views
1147 1148
1's
1150 1436 1492 2133
together
1150 2133 2408
analyze
1151
website
1151
transforms
1152
day
1153 1184 1478 1830 1969 1971 1996 2135 2157 2313
year
1153 1383 1820 1853
dice
1154 1222
rolls
1154 2349
market
1157 1158
be
1159 1352 1573 1750 1885 1988 2017 2115 2126 2200 2281 2384
formed
1159 1254
far
1161
land
1161 2087
price
1163 1250 1332 1776 2033 2145
date
1163 1483 1506 1852
single-row
1164
connect
1166 1583 1594
sticks
1166 1865 1865
optimize
1167
distribution
1167 2304
village
1167
transactions
1168 1192 1204 1335 1580 2411
dinner
1171
plate
1171
immediate
1172 1173
food
1172 1173 1417 1729 2085 2352
delivery
1172 1173 1358
arrangements
1174
diet
1175
plan
1175
performance
1175 1321 1382
reformat
1178 1416 1506 1693
before
1180 1502 2123 2411
week
1184 1478
deletion
1185
strictly
1186 1908 2147 2392 2395 2473
blocking
1187
k-concatenation
1190
critical
1191 1488 2057
connections
1191
monthly
1192 1204
tournament
1193 1211 1687
winners
1193
multithreaded
1194 1241
how
1195 1364
many
1195 1364
apples
1195 1442 1444 1704 1714 1953 2472
you
1195 1297 1419 1422 1431 1500 1560 1641 1743 1797 1903 1934 1952 1969 1996 2070 2354
put
1195 1563 1579
basket
1195
build
1198 1419 1440 1596 1915 1919 2117 2183 2188 2391 2465
blocks
1198 2378
items
1202 1772 2145 2362 2458
respecting
1202
dependencies
1202
fit
1203 1617
skiplist
1205
budget
1207 2397
quality
1210 1619 2064
percentage
1210 1632 2277 2345
football
1211
bsts
1213 1931
stepping
1214
chips
1216
gold
1218
queens
1221
attack
1221
king
1221
roll
1222 2317
dates
1224 1359
dining
1225
philosophers
1225
airplane
1226
seat
1226 1385 1844 2036
assignment
1226
progression
1227 1501
toss
1229
chocolate
1230
it
1231 1249
straight
1231
sub-folders
1232
filesystem
1232
job
1234 1334
web
1235 1241
crawler
1235 1241 1597
solution
1236
fewest
1239
per
1240 1335 1347 1564 1660
post
1240 2198
transformation
1242
leaderboard
1243
removal
1245 2004 2162 2289 2457
nice
1247 1762 1807 1813 2400
selling
1250 2311
2-row
1252
closed
1253
region
1256
synonymous
1257
handshakes
1258
don't
1258
cross
1258 1969
shift
1259
contaminated
1260
box
1262 1741 1768 1860
location
1262
page
1263 1891
recommendations
1263 1891 1916
servers
1266 1605 1881
communicate
1266
suggestions
1267
stay
1268
some
1268 1618
steps
1268 1311 1341 1346 1403 2105 2185 2288 2399
manager
1269 1570 1796 1844 1977
hexspeak
1270
ships
1273
tic
1274
tac
1274
toe
1274
burgers
1275
waste
1275
ingredients
1275
light
1278
controlled
1278
examinations
1279
subtract
1280
they
1281
belong
1281
threshold
1282 1291 1333 1342 1626 2333
start
1284
appearing
1286
25%
1286
covered
1287 1892 2270 2396
sequential
1290 2452
obstacles
1292
weather
1293
type
1293 1319 1934 1973 2083 2083
country
1293 1622
sets
1295 1620
mutated
1299
up
1303 1448 2259
verbal
1306
running
1307 1479 2140
genders
1307
decrypt
1308 2226
mapping
1308
watched
1310
videos
1310
your
1310 1743 1743
decompress
1312
run-length
1312 1867
encoded
1312 1867 2059
block
1313
even-valued
1314
grandparent
1314
echo
1315
no-zero
1316
b
1317 1397
c
1317 1397
operations
1318 1440 1550 1584 1610 1624 1657 1712 1721 1768 1769 1774 1798 1805 1826 1829 1886 1958 1992 2008 2010 2032 2058 2110 2122 2168 2169 2207 2223 2316 2421 2441 2448 2449 2459 2470
fingers
1319
restaurant
1320 1417
growth
1320
ads
1321
69
1322
vertically
1323
taps
1325
garden
1325 1787 1953
ordered
1326 1595 1655
period
1326 1603
diagonally
1328
filter
1332
restaurants
1332
vegan-friendly,
1332
neighbors
1333 1967 2037
difficulty
1334
weakest
1336
reduce
1337 1341 1403 1657
half
1337
splitted
1338
movie
1340 1911
rating
1340 2352
sub-arrays
1342 1476 1523
angle
1343
clock
1343 2436
its
1345 2440 2442
double
1345 2118
exist
1345
tweet
1347
counts
1347 1370 1373
taking
1348
negative
1350 1593 2440
events
1352 1750 2053 2445 2493
attended
1352 1632 1750
participants
1354
apply
1356 2287 2459
discount
1356 1474 2143 2204 2229 2287
every
1356 2132
containing
1357 1370 1636 2166 2249
options
1358
divisors
1361 1389 1807 1951
trusted
1363
contacts
1363
are
1364 1436 1496 1611 1656 1661 1703 1892 2037 2041 2067 2204 2229 2454
current
1364
teams
1365 1394 2490
votes
1365
decreasing
1369 1845
have
1373 1903 1940 1996 2445
prefix-aligned
1374
needed
1375 2072 2379
inform
1375
t
1376
seconds
1376
id
1377
identifier
1377
corresponding
1378
lucky
1379 1393
balance
1381 1540 2065
amount
1383 2157 2302 2334 2384 2390
cinema
1385
allocation
1385
pizza
1387 1443
3n
1387
there
1390 2266 2368
gain/loss
1392
underground
1395
but
1397 1580
overlapping
1400 2493
reducing
1401
dishes
1401
non-increasing
1402 2262
travellers
1406
html
1409
entity
1409
×
1410
quiet
1411
exams
1411
step
1412 1412
whose
1413 1451 1977 2434
display
1417
frogs
1418
croaking
1418
where
1419 1576 1705 1899 1969 1996
exactly
1419 2399
comparisons
1419
npv
1420
splitting
1421 1848 2159
obtain
1422 2168 2336
constrained
1424
perform
1426
shifts
1426
leftmost
1427
kids
1430
changing
1431
wear
1433
hats
1433
other
1433
session
1434
bar
1434
chart
1434 2279
places
1436
away
1436
diff
1437
limit
1437 1759 2181 2467
triplets
1441 1533 1622 1898 2178 2197 2366 2474
collect
1442 1953 2390
cutting
1443 1890
&
1444
simplified
1446
fractions
1446
doing
1449
homework
1449
favorite
1451 1743 1743
companies
1451
darts
1452
inside
1452 1827 2248
dartboard
1452
occurs
1454
any
1454 1580 1588 1748 2063
pseudo-palindromic
1456
dot
1457 1569
reversing
1459
codes
1460
piece
1464
cake
1464
horizontal
1464
cuts
1464 2480
having
1466 2494
balls
1466 1551 1647 1741 1759 1768
calculate
1467 1715 1872 2242 2302 2371
strongest
1470
browser
1471
history
1471
m
1473 1481 1561 1565
final
1474 1895 2010
prices
1474 2287
shop
1474 2482
subrectangle
1475
allocate
1477
mailboxes
1477
1d
1479 2021
removals
1480 1670 2321 2381
bouquets
1481
sold
1483
names
1486 1666
avoid
1487 1575
pseudo-critical
1488
edges
1488 1578 2377
spanning
1488
excluding
1490
friendly
1494
streamed
1494
satisfy
1497 1736
condition
1497 1526
sharing
1499 2106 2253
safely
1500
invest
1500
ants
1502
fall
1502 1705
plank
1502
1s
1512
service
1514
centre
1514
sub-tree
1515 1518
e-mails
1516
bottles
1517
label
1518
mysterious
1520
increments
1525 2232
patients
1526
arrange
1535 2307
hidden
1537 1735 1777 1809 2144
insertions
1540
awesome
1541
fix
1542 1666
format
1542 1852
great
1543
stick
1546
odds
1549
magnetic
1551
force
1551
eat
1552 1699 1743
differ
1553 1637
bank
1554 1586 1715 1842 2042 2099 2124
thousand
1555
separator
1555
vertices
1556
cycles
1558
visited
1559 1580
sector
1559
track
1559
latest
1561 1735 1889 1899 2331
warehouse
1563 1570 1579
disconnect
1567
vectors
1569
?'s
1575
rope
1577
colorful
1577
fully
1578
traversable
1578
did
1580 1766 2019
unhappy
1582
transformable
1584
obtained
1588 1885 2134
p
1589
spaces
1591 2060 2108
non
1593
frequently
1595
infix
1596
folder
1597
operating
1598
centennial
1598
wheel
1598
throne
1599
inheritance
1599
achievable
1600
transfer
1600
nearest
1601 1778 1925
parking
1602
alert
1603
key-card
1603
hour
1603
handled
1605
sellers
1606
visible
1609 1865 1943 2344
ids
1612
font
1617
mean
1618
removing
1618 1716 1752 2090 2112 2170 2272 2389
coordinate
1619 1737 1778
fancy
1621 1956
represent
1622 2279
applying
1624 2449
conflicts
1625
connectivity
1626
slowest
1628
effort
1630
polynomials
1633
hopper
1634 1644 1650
widest
1636 1982
formation
1639
furthest
1641 2077
instructions
1642 1648 2119
generated
1645
deletions
1646 1652 2215 2343 2429
frequencies
1646
diminishing-valued
1647
colored
1647 2037
defuse
1651
jumps
1653 1823
home
1653
determine
1656 1703 1811 1885 2445
close
1656
happiness
1658
correct
1659
machine
1660 2240
numeric
1662
initial
1664
energy
1664
finish
1664 1722 1985 2187 2322
tasks
1664 1881 1985 2070 2243 2297
front
1669
back
1669
richest
1671
wealth
1671
competitive
1672
complementary
1673
deviation
1674
product's
1676 1776
worth
1676
over
1676
invoices
1676
goal
1677
interpretation
1677
k-sum
1678 2385
incompatibility
1680
tweets
1682
consistent
1683
vi
1685 1695
delivering
1686
ports
1686
deci-binary
1688
vii
1689 1870
stacking
1690
cuboids
1690
leads
1692
partners
1692
erasure
1694
checking
1696 1723
existence
1696 1723
edge
1696 1723 2373
limited
1696 1723 2388
persons
1698
unable
1699
lunch
1699
waiting
1700
halves
1703
alike
1703
eaten
1704
will
1705 1893
ball
1705
visits
1708
units
1709 2309
truck
1709
meals
1710
evenly-spaced
1713
money
1715 2411
leetcode
1715
xored
1719 1733
swapping
1720
jobs
1722 2322
tuple
1725
submatrix
1726
rearrangements
1726
followers
1728 1950
which
1730 1952
altitude
1731
teach
1732
replacing
1735 2112
conditions
1736 2391
spent
1740 2408
day?
1743
leetflex
1746
banned
1746
ends
1749
recently
1755
used
1755
recyclable
1756
low
1756
fat
1756
changes
1757
homogenous
1758
trio
1760
ocean
1761
concatenating
1763 2130
coprimes
1765
subtasks
1766
execute
1766
performing
1769 2010
features
1771
popularity
1771
rule
1772
dessert
1773
y
1778
powers
1779 2437
beauty
1780 1787 2011 2233
grand
1782
slam
1782
titles
1782
segment
1783 2014 2381
restricted
1785 2075
primary
1788
center
1790
star
1790 2496
pass
1791
ratio
1791 2488
authentication
1796
ascending
1799 2041
backlog
1800
reinitialize
1805
bracket
1806
ad-free
1808
sessions
1808 1985
interview
1810
candidates
1810 2040
getting
1814
fresh
1814
donuts
1814
truncate
1815
finding
1816 1824 1864 2093 2198 2344
minutes
1816
gcds
1818
accepted
1819 2040
invitations
1819
revenue
1820
this
1820
sideway
1823
mk
1824
faulty
1825
sensor
1825
pangram
1831
ice
1832
cream
1832
bars
1832
single-threaded
1833
cpu
1833
league
1840 2338
suspicious
1842
reservation
1844
rearranging
1845
descending
1848
include
1850
population
1853
min-product
1855
directed
1856 2191
prefixes
1857 2254
incremental
1859
memory
1859
leak
1859
rotating
1860 1913
floored
1861
totals
1862
certain
1864
quantity
1866
above
1866
longer
1868
speed
1869
arrive
1869 1882 1975
viii
1871 2296
rhombus
1877
summation
1879
skips
1882
eggs
1883
floors
1883 2273 2273
whether
1885 2067
reduction
1886
space
1888 1958 2458
wasted
1888 1958
packaging
1888
login
1889
2020
1889
ribbons
1890
chalk
1893
redistribute
1896
removable
1897
rounds
1899 1903 2243
players
1899 2224 2409 2490
compete
1899
played
1903
sub
1904
categories
1906
rental
1911
cyclically
1913
wonderful
1914
ant
1915
colony
1915
leetcodify
1916 1918
eliminate
1920
monsters
1920 2402
subpath
1922
exit
1925
entrance
1925
length-3
1929
painting
1930 1942
decomposable
1932
value-equal
1932
confirmation
1933 1938
rungs
1935
actively
1938
request
1938
messages
1938
unoccupied
1941
chair
1941
describe
1942
mutating
1945
compatibility
1946
folders
1947
friendship
1948
weeks
1952
enough
1953
variants
1955
legal
1957
resizing
1958
obstacle
1963 2289
searchable
1965
appear
1966 2350
non-zero
1968
still
1969
exists
1970 2059 2440
descendants
1972
typewriter
1973
separate
1976 2051
chosen
1980
indices
1982 2088 2163 2199 2419
cutoff
1987
school
1987
caught
1988
experiments
1989
farmland
1991
quadruplets
1994
weak
1995
been
1996
gcd
1997 2435 2446
made
1998
interchangeable
2000
seniors
2003 2009
juniors
2003 2009
join
2003 2009
earnings
2007
taxi
2007
variable
2010
placed
2017
crossword
2017
solving
2018 2139
math
2018
brightest
2020
street
2020 2236
confusion
2023
low-quality
2025
problems
2025
observations
2027
ix
2028
uni-value
2032
fluctuation
2033
pieces
2037 2311 2336
both
2037
becomes
2038
idle
2038
interviews
2040
simple
2042
bitwise-or
2043
already
2045
numerically
2047
category
2050
member
2050
plates
2054
candles
2054
cleaning
2060
cleaned
2060
minimized
2063
distributed
2063
almost
2067
item
2069
university
2071
slanted
2074
ciphertext
2074
houses
2077 2319
watering
2078 2104
plants
2078 2104
k-mirror
2080
begin
2082
0
2083
buckets
2085 2136
feed
2085
hamsters
2085
homecoming
2086
fertile
2087
pyramids
2087
radius
2089
secret
2091 2326
discounts
2092
3-digit
2093
step-by-step
2095
directions
2095
rob
2099
detonate
2100
bombs
2100
sequentially
2101
ordinal
2101
tracker
2101
rings
2102
rods
2102
fruits
2105 2430
harvested
2105
flavors
2106
smooth
2109
descent
2109
periods
2109
k-increasing
2110
airport
2111
found
2113 2153
recipes
2114
supplies
2114
abbreviating
2116
reversal
2118
execution
2119
staying
2119
identical
2120
a's
2123
appears
2123
b's
2123
laser
2124
beams
2124
destroying
2125
asteroids
2125
invited
2126
capitalize
2128
twin
2129
bloom
2135 2250
questions
2139
brainpower
2139
computers
2140
passengers
2141 2152
choose
2142 2377
buying
2143
ranked
2145
corridor
2146
statements
2150
cover
2151
multiplying
2153
divisions
2154
hash
2155
painted
2157
independently
2158 2163
according
2160
cooking
2161
rearranged
2164
bitset
2165
cars
2166
illegal
2166
goods
2166
beans
2170
streak
2172
rankings
2174
repeat
2181
sturdy
2183
following
2189
jumbled
2190
ancestors
2191
acyclic
2191
append
2194 2485
minimal
2194
descriptions
2195
non-coprime
2196
topic
2198
k-distant
2199
artifacts
2200
extracted
2200
topmost
2201
weighted
2202
subgraph
2202
required
2202 2236 2411
eligible
2204 2229
halve
2207
white
2208 2270
tiles
2208 2270
carpets
2208
hills
2209
valleys
2209
collisions
2210
road
2210
archery
2211
competition
2211 2357 2382
health
2213
beat
2213
piles
2217
triangular
2220
select
2221
built
2222
losses
2224
allocated
2225
children
2225 2235
encrypt
2226
purchases
2227 2473
seven
2227
result
2231 2258 2312
gardens
2233
brightness
2236
driver
2237
was
2237
passenger
2237
pens
2239
pencils
2239
atm
2240
cornered
2244
trip
2246
highways
2246
lattice
2248
dynamic
2251 2252
pivoting
2251
unpivoting
2252
unguarded
2256
spreading
2257
fire
2257
appeal
2261
3-same-digit
2263
texts
2265
keypresses
2267
k-beauty
2268
carpet
2270
variance
2271
resultant
2272
bags
2278
rocks
2278
strength
2280
wizards
2280
seen
2281
sender
2283
roads
2284
booking
2285
concert
2285
trading
2290
stocks
2290
years
2291
such
2293
editor
2295
weekend
2297
successful
2299
spells
2299
potions
2299
paid
2302
taxes
2302
naming
2305
contradictions
2306
gender
2307
upper
2308
wood
2311
recorded
2313
asterisks
2314
unreachable
2315
x-matrix
2318
spliced
2320
message
2324 2467
aware
2326
catch
2331
squared
2332
varying
2333
cups
2334
infinite
2335
ideal
2337 2369
trimmed
2342
mountains
2344
compute
2345
poker
2346
zero-filled
2347
impossible
2349
excellent
2353
take
2354
subjects
2355
taught
2355
teacher
2355
subtracting
2356
amounts
2356
entering
2357
costs
2360
train
2360
invoice
2361
replacements
2365
restrictions
2367
influence
2371
salesperson
2371
olympic
2376
recolors
2378
hours
2382
training
2382
infected
2384
wise
2386
null
2387
stars
2389
garbage
2390
deductions
2393
robots
2397
sql
2407
trainers
2409
alphabetical
2413
turn
2421
equalize
2422
uploaded
2423
pairings
2424
satisfying
2425
inequality
2425
hourglass
2427
tastiness
2430
purchased
2430
worked
2431
bounds
2443
conflict
2445
edits
2451
destroy
2452
targets
2452
popular
2455
creator
2455
traveled
2462
lcm
2469
unequal
2474 2498
fuel
2476
partitions
2477
chemical
2479
bond
2479
penalty
2482
skill
2490
hall
2493
